  PREM NO OCEAN MODEL: (    0.0000    0.000) anisotropic case                     ref per =   1.0 secs


  level    radius        rho         vpv         vph         vsv         vsh         eta         qmu         qkap

     1         0.0    13088.50    11262.20    11262.20     3667.80     3667.80     1.00000       84.60     1327.70
     2     38172.0    13088.18    11261.97    11261.97     3667.64     3667.64     1.00000       84.60     1327.70
     3     76344.0    13087.23    11261.29    11261.29     3667.16     3667.16     1.00000       84.60     1327.70
     4    114516.0    13085.64    11260.14    11260.14     3666.36     3666.36     1.00000       84.60     1327.70
     5    152688.0    13083.42    11258.54    11258.54     3665.25     3665.25     1.00000       84.60     1327.70
     6    190859.0    13080.57    11256.49    11256.49     3663.81     3663.81     1.00000       84.60     1327.70
     7    229031.0    13077.08    11253.98    11253.98     3662.05     3662.05     1.00000       84.60     1327.70
     8    267203.0    13072.95    11251.01    11251.01     3659.98     3659.98     1.00000       84.60     1327.70
     9    305375.0    13068.19    11247.58    11247.58     3657.58     3657.58     1.00000       84.60     1327.70
    10    343547.0    13062.80    11243.70    11243.70     3654.87     3654.87     1.00000       84.60     1327.70
    11    381719.0    13056.77    11239.35    11239.35     3651.83     3651.83     1.00000       84.60     1327.70
    12    419891.0    13050.11    11234.56    11234.56     3648.48     3648.48     1.00000       84.60     1327.70
    13    458062.0    13042.81    11229.30    11229.30     3644.81     3644.81     1.00000       84.60     1327.70
    14    496234.0    13034.88    11223.59    11223.59     3640.82     3640.82     1.00000       84.60     1327.70
    15    534406.0    13026.31    11217.42    11217.42     3636.51     3636.51     1.00000       84.60     1327.70
    16    572578.0    13017.11    11210.80    11210.80     3631.88     3631.88     1.00000       84.60     1327.70
    17    610750.0    13007.28    11203.72    11203.72     3626.93     3626.93     1.00000       84.60     1327.70
    18    648922.0    12996.81    11196.18    11196.18     3621.66     3621.66     1.00000       84.60     1327.70
    19    687094.0    12985.70    11188.18    11188.18     3616.07     3616.07     1.00000       84.60     1327.70
    20    725266.0    12973.97    11179.73    11179.73     3610.16     3610.16     1.00000       84.60     1327.70
    21    763438.0    12961.59    11170.82    11170.82     3603.94     3603.94     1.00000       84.60     1327.70
    22    801609.0    12948.58    11161.45    11161.45     3597.39     3597.39     1.00000       84.60     1327.70
    23    839781.0    12934.94    11151.63    11151.63     3590.53     3590.53     1.00000       84.60     1327.70
    24    877953.0    12920.66    11141.35    11141.35     3583.34     3583.34     1.00000       84.60     1327.70
    25    916125.0    12905.75    11130.61    11130.61     3575.84     3575.84     1.00000       84.60     1327.70
    26    954297.0    12890.21    11119.42    11119.42     3568.01     3568.01     1.00000       84.60     1327.70
    27    992469.0    12874.02    11107.76    11107.76     3559.87     3559.87     1.00000       84.60     1327.70
    28   1030641.0    12857.21    11095.66    11095.66     3551.41     3551.41     1.00000       84.60     1327.70
    29   1068812.0    12839.76    11083.09    11083.09     3542.63     3542.63     1.00000       84.60     1327.70
    30   1106984.0    12821.67    11070.07    11070.07     3533.53     3533.53     1.00000       84.60     1327.70
    31   1145156.0    12802.96    11056.59    11056.59     3524.11     3524.11     1.00000       84.60     1327.70
    32   1183328.0    12783.60    11042.65    11042.65     3514.37     3514.37     1.00000       84.60     1327.70
    33   1221500.0    12763.61    11028.26    11028.26     3504.31     3504.31     1.00000       84.60     1327.70
    34   1221500.0    12166.33    10355.72    10355.72        0.00        0.00     1.00000        0.00    57823.00
    35   1292078.0    12129.26    10314.43    10314.43        0.00        0.00     1.00000        0.00    57823.00
    36   1362656.0    12090.47    10272.30    10272.30        0.00        0.00     1.00000        0.00    57823.00
    37   1433234.0    12049.91    10229.21    10229.21        0.00        0.00     1.00000        0.00    57823.00
    38   1503812.0    12007.54    10185.05    10185.05        0.00        0.00     1.00000        0.00    57823.00
    39   1574391.0    11963.32    10139.71    10139.71        0.00        0.00     1.00000        0.00    57823.00
    40   1644969.0    11917.20    10093.08    10093.08        0.00        0.00     1.00000        0.00    57823.00
    41   1715547.0    11869.14    10045.05    10045.05        0.00        0.00     1.00000        0.00    57823.00
    42   1786125.0    11819.08     9995.51     9995.51        0.00        0.00     1.00000        0.00    57823.00
    43   1856703.0    11766.99     9944.34     9944.34        0.00        0.00     1.00000        0.00    57823.00
    44   1927281.0    11712.82     9891.43     9891.43        0.00        0.00     1.00000        0.00    57823.00
    45   1997859.0    11656.52     9836.69     9836.69        0.00        0.00     1.00000        0.00    57823.00
    46   2068438.0    11598.05     9779.98     9779.98        0.00        0.00     1.00000        0.00    57823.00
    47   2139016.0    11537.37     9721.22     9721.22        0.00        0.00     1.00000        0.00    57823.00
    48   2209594.0    11474.42     9660.27     9660.27        0.00        0.00     1.00000        0.00    57823.00
    49   2280172.0    11409.17     9597.04     9597.04        0.00        0.00     1.00000        0.00    57823.00
    50   2350750.0    11341.57     9531.41     9531.41        0.00        0.00     1.00000        0.00    57823.00
    51   2421328.0    11271.58     9463.27     9463.27        0.00        0.00     1.00000        0.00    57823.00
    52   2491906.0    11199.14     9392.50     9392.50        0.00        0.00     1.00000        0.00    57823.00
    53   2562484.0    11124.21     9319.01     9319.01        0.00        0.00     1.00000        0.00    57823.00
    54   2633062.0    11046.76     9242.68     9242.68        0.00        0.00     1.00000        0.00    57823.00
    55   2703641.0    10966.73     9163.40     9163.40        0.00        0.00     1.00000        0.00    57823.00
    56   2774219.0    10884.07     9081.05     9081.05        0.00        0.00     1.00000        0.00    57823.00
    57   2844797.0    10798.75     8995.53     8995.53        0.00        0.00     1.00000        0.00    57823.00
    58   2915375.0    10710.72     8906.73     8906.73        0.00        0.00     1.00000        0.00    57823.00
    59   2985953.0    10619.93     8814.53     8814.53        0.00        0.00     1.00000        0.00    57823.00
    60   3056531.0    10526.34     8718.83     8718.83        0.00        0.00     1.00000        0.00    57823.00
    61   3127109.0    10429.91     8619.51     8619.51        0.00        0.00     1.00000        0.00    57823.00
    62   3197688.0    10330.58     8516.46     8516.46        0.00        0.00     1.00000        0.00    57823.00
    63   3268266.0    10228.31     8409.58     8409.58        0.00        0.00     1.00000        0.00    57823.00
    64   3338844.0    10123.06     8298.74     8298.74        0.00        0.00     1.00000        0.00    57823.00
    65   3409422.0    10014.79     8183.85     8183.85        0.00        0.00     1.00000        0.00    57823.00
    66   3480000.0     9903.44     8064.79     8064.79        0.00        0.00     1.00000        0.00    57823.00
    67   3480000.0     5566.46    13716.62    13716.62     7264.65     7264.65     1.00000      312.00    57823.00
    68   3517500.0     5547.67    13707.45    13707.45     7265.03     7265.03     1.00000      312.00    57823.00
    69   3555000.0     5528.91    13698.36    13698.36     7265.37     7265.37     1.00000      312.00    57823.00
    70   3592500.0     5510.18    13689.36    13689.36     7265.69     7265.69     1.00000      312.00    57823.00
    71   3630000.0     5491.48    13680.44    13680.44     7265.97     7265.97     1.00000      312.00    57823.00
    72   3630000.0     5491.48    13680.42    13680.42     7265.93     7265.93     1.00000      312.00    57823.00
    73   3666482.0     5473.29    13636.25    13636.25     7249.23     7249.23     1.00000      312.00    57823.00
    74   3702963.0     5455.13    13592.44    13592.44     7232.63     7232.63     1.00000      312.00    57823.00
    75   3739444.0     5436.97    13548.96    13548.96     7216.12     7216.12     1.00000      312.00    57823.00
    76   3775926.0     5418.82    13505.78    13505.78     7199.68     7199.68     1.00000      312.00    57823.00
    77   3812407.0     5400.67    13462.87    13462.87     7183.30     7183.30     1.00000      312.00    57823.00
    78   3848889.0     5382.52    13420.19    13420.19     7166.98     7166.98     1.00000      312.00    57823.00
    79   3885370.0     5364.37    13377.73    13377.73     7150.70     7150.70     1.00000      312.00    57823.00
    80   3921852.0     5346.21    13335.45    13335.45     7134.44     7134.44     1.00000      312.00    57823.00
    81   3958333.0     5328.04    13293.32    13293.32     7118.21     7118.21     1.00000      312.00    57823.00
    82   3994815.0     5309.85    13251.30    13251.30     7102.00     7102.00     1.00000      312.00    57823.00
    83   4031296.0     5291.65    13209.38    13209.38     7085.78     7085.78     1.00000      312.00    57823.00
    84   4067778.0     5273.43    13167.51    13167.51     7069.55     7069.55     1.00000      312.00    57823.00
    85   4104259.0     5255.18    13125.68    13125.68     7053.30     7053.30     1.00000      312.00    57823.00
    86   4140741.0     5236.91    13083.84    13083.84     7037.02     7037.02     1.00000      312.00    57823.00
    87   4177222.0     5218.60    13041.98    13041.98     7020.70     7020.70     1.00000      312.00    57823.00
    88   4213704.0     5200.26    13000.05    13000.05     7004.32     7004.32     1.00000      312.00    57823.00
    89   4250185.0     5181.88    12958.04    12958.04     6987.89     6987.89     1.00000      312.00    57823.00
    90   4286667.0     5163.46    12915.90    12915.90     6971.38     6971.38     1.00000      312.00    57823.00
    91   4323148.0     5145.00    12873.61    12873.61     6954.79     6954.79     1.00000      312.00    57823.00
    92   4359630.0     5126.48    12831.15    12831.15     6938.10     6938.10     1.00000      312.00    57823.00
    93   4396111.0     5107.92    12788.47    12788.47     6921.31     6921.31     1.00000      312.00    57823.00
    94   4432593.0     5089.29    12745.55    12745.55     6904.41     6904.41     1.00000      312.00    57823.00
    95   4469074.0     5070.61    12702.36    12702.36     6887.38     6887.38     1.00000      312.00    57823.00
    96   4505556.0     5051.87    12658.87    12658.87     6870.21     6870.21     1.00000      312.00    57823.00
    97   4542037.0     5033.06    12615.05    12615.05     6852.90     6852.90     1.00000      312.00    57823.00
    98   4578518.0     5014.18    12570.87    12570.87     6835.43     6835.43     1.00000      312.00    57823.00
    99   4615000.0     4995.22    12526.30    12526.30     6817.80     6817.80     1.00000      312.00    57823.00
   100   4651482.0     4976.19    12481.31    12481.31     6799.99     6799.99     1.00000      312.00    57823.00
   101   4687963.0     4957.08    12435.87    12435.87     6781.99     6781.99     1.00000      312.00    57823.00
   102   4724444.0     4937.89    12389.94    12389.94     6763.79     6763.79     1.00000      312.00    57823.00
   103   4760926.0     4918.61    12343.51    12343.51     6745.38     6745.38     1.00000      312.00    57823.00
   104   4797407.0     4899.24    12296.54    12296.54     6726.76     6726.76     1.00000      312.00    57823.00
   105   4833889.0     4879.78    12248.99    12248.99     6707.90     6707.90     1.00000      312.00    57823.00
   106   4870370.0     4860.21    12200.85    12200.85     6688.80     6688.80     1.00000      312.00    57823.00
   107   4906852.0     4840.55    12152.07    12152.07     6669.46     6669.46     1.00000      312.00    57823.00
   108   4943333.0     4820.79    12102.63    12102.63     6649.85     6649.85     1.00000      312.00    57823.00
   109   4979815.0     4800.91    12052.51    12052.51     6629.97     6629.97     1.00000      312.00    57823.00
   110   5016296.0     4780.93    12001.66    12001.66     6609.81     6609.81     1.00000      312.00    57823.00
   111   5052778.0     4760.83    11950.06    11950.06     6589.36     6589.36     1.00000      312.00    57823.00
   112   5089259.0     4740.61    11897.68    11897.68     6568.61     6568.61     1.00000      312.00    57823.00
   113   5125741.0     4720.27    11844.49    11844.49     6547.54     6547.54     1.00000      312.00    57823.00
   114   5162222.0     4699.80    11790.46    11790.46     6526.15     6526.15     1.00000      312.00    57823.00
   115   5198704.0     4679.21    11735.56    11735.56     6504.42     6504.42     1.00000      312.00    57823.00
   116   5235185.0     4658.48    11679.76    11679.76     6482.35     6482.35     1.00000      312.00    57823.00
   117   5271667.0     4637.62    11623.02    11623.02     6459.92     6459.92     1.00000      312.00    57823.00
   118   5308148.0     4616.62    11565.33    11565.33     6437.13     6437.13     1.00000      312.00    57823.00
   119   5344630.0     4595.48    11506.65    11506.65     6413.97     6413.97     1.00000      312.00    57823.00
   120   5381111.0     4574.19    11446.94    11446.94     6390.41     6390.41     1.00000      312.00    57823.00
   121   5417593.0     4552.75    11386.18    11386.18     6366.46     6366.46     1.00000      312.00    57823.00
   122   5454074.0     4531.16    11324.35    11324.35     6342.10     6342.10     1.00000      312.00    57823.00
   123   5490556.0     4509.42    11261.40    11261.40     6317.33     6317.33     1.00000      312.00    57823.00
   124   5527037.0     4487.51    11197.31    11197.31     6292.13     6292.13     1.00000      312.00    57823.00
   125   5563518.0     4465.44    11132.05    11132.05     6266.48     6266.48     1.00000      312.00    57823.00
   126   5600000.0     4443.20    11065.59    11065.59     6240.39     6240.39     1.00000      312.00    57823.00
   127   5600000.0     4443.20    11065.60    11065.60     6240.54     6240.54     1.00000      312.00    57823.00
   128   5633667.0     4422.53    10960.91    10960.91     6142.04     6142.04     1.00000      312.00    57823.00
   129   5667333.0     4401.71    10856.15    10856.15     6043.57     6043.57     1.00000      312.00    57823.00
   130   5701000.0     4380.74    10751.32    10751.32     5945.13     5945.13     1.00000      312.00    57823.00
   131   5701000.0     3992.12    10266.17    10266.17     5570.21     5570.21     1.00000      143.00    57823.00
   132   5771000.0     3975.82    10157.76    10157.76     5516.02     5516.02     1.00000      143.00    57823.00
   133   5771000.0     3975.82    10157.83    10157.43     5515.93     5515.93     1.00000      143.00    57823.00
   134   5804333.0     3933.81     9987.17     9986.77     5418.69     5418.69     1.00000      143.00    57823.00
   135   5837667.0     3891.80     9816.52     9816.12     5321.45     5321.45     1.00000      143.00    57823.00
   136   5871000.0     3849.78     9645.87     9645.47     5224.21     5224.21     1.00000      143.00    57823.00
   137   5904333.0     3807.77     9475.22     9474.82     5126.97     5126.97     1.00000      143.00    57823.00
   138   5937667.0     3765.76     9304.57     9304.17     5029.73     5029.73     1.00000      143.00    57823.00
   139   5971000.0     3723.75     9133.92     9133.52     4932.49     4932.49     1.00000      143.00    57823.00
   140   5971000.0     3543.26     8905.24     8905.24     4769.90     4769.90     1.00000      143.00    57823.00
   141   5993500.0     3529.83     8861.96     8861.96     4754.15     4754.15     1.00000      143.00    57823.00
   142   6016000.0     3516.39     8818.67     8818.67     4738.40     4738.40     1.00000      143.00    57823.00
   143   6038500.0     3502.96     8775.38     8775.38     4722.65     4722.65     1.00000      143.00    57823.00
   144   6061000.0     3489.52     8732.10     8732.10     4706.90     4706.90     1.00000      143.00    57823.00
   145   6083500.0     3476.08     8688.81     8688.81     4691.15     4691.15     1.00000      143.00    57823.00
   146   6106000.0     3462.65     8645.52     8645.52     4675.40     4675.40     1.00000      143.00    57823.00
   147   6128500.0     3449.21     8602.24     8602.24     4659.65     4659.65     1.00000      143.00    57823.00
   148   6151000.0     3435.77     8558.95     8558.95     4643.90     4643.90     1.00000      143.00    57823.00
   149   6151000.0     3359.49     7800.45     8048.56     4441.09     4436.26     0.97646       80.00    57823.00
   150   6179000.0     3362.53     7832.17     8068.85     4434.63     4461.39     0.96557       80.00    57823.00
   151   6207000.0     3365.58     7863.90     8089.15     4428.18     4486.52     0.95468       80.00    57823.00
   152   6235000.0     3368.62     7895.62     8109.44     4421.73     4511.65     0.94379       80.00    57823.00
   153   6263000.0     3371.66     7927.34     8129.73     4415.28     4536.78     0.93290       80.00    57823.00
   154   6291000.0     3374.71     7959.06     8150.02     4408.83     4561.90     0.92201       80.00    57823.00
   155   6291000.0     3374.71     7959.06     8150.02     4408.83     4561.99     0.92201      600.00    57823.00
   156   6318800.0     3377.73     7990.56     8170.17     4402.43     4586.94     0.91120      600.00    57823.00
   157   6346600.0     3380.75     8022.06     8190.32     4396.02     4611.89     0.90039      600.00    57823.00
   158   6346600.0     2900.00     6800.00     6800.00     3900.00     3900.00     1.00000      600.00    57823.00
   159   6347000.0     2900.00     6800.00     6800.00     3900.00     3900.00     1.00000      600.00    57823.00
   160   6348000.0     2900.00     6800.00     6800.00     3900.00     3900.00     1.00000      600.00    57823.00
   161   6349000.0     2900.00     6800.00     6800.00     3900.00     3900.00     1.00000      600.00    57823.00
   162   6350000.0     2900.00     6800.00     6800.00     3900.00     3900.00     1.00000      600.00    57823.00
   163   6351000.0     2900.00     6800.00     6800.00     3900.00     3900.00     1.00000      600.00    57823.00
   164   6352000.0     2900.00     6800.00     6800.00     3900.00     3900.00     1.00000      600.00    57823.00
   165   6353000.0     2900.00     6800.00     6800.00     3900.00     3900.00     1.00000      600.00    57823.00
   166   6354000.0     2900.00     6800.00     6800.00     3900.00     3900.00     1.00000      600.00    57823.00
   167   6355000.0     2900.00     6800.00     6800.00     3900.00     3900.00     1.00000      600.00    57823.00
   168   6356000.0     2900.00     6800.00     6800.00     3900.00     3900.00     1.00000      600.00    57823.00
   169   6356000.0     2600.00     5800.00     5800.00     3200.00     3200.00     1.00000      600.00    57823.00
   170   6357000.0     2600.00     5800.00     5800.00     3200.00     3200.00     1.00000      600.00    57823.00
   171   6358000.0     2600.00     5800.00     5800.00     3200.00     3200.00     1.00000      600.00    57823.00
   172   6359000.0     2600.00     5800.00     5800.00     3200.00     3200.00     1.00000      600.00    57823.00
   173   6360000.0     2600.00     5800.00     5800.00     3200.00     3200.00     1.00000      600.00    57823.00
   174   6361000.0     2600.00     5800.00     5800.00     3200.00     3200.00     1.00000      600.00    57823.00
   175   6362000.0     2600.00     5800.00     5800.00     3200.00     3200.00     1.00000      600.00    57823.00
   176   6363000.0     2600.00     5800.00     5800.00     3200.00     3200.00     1.00000      600.00    57823.00
   177   6364000.0     2600.00     5800.00     5800.00     3200.00     3200.00     1.00000      600.00    57823.00
   178   6365000.0     2600.00     5800.00     5800.00     3200.00     3200.00     1.00000      600.00    57823.00
   179   6366000.0     2600.00     5800.00     5800.00     3200.00     3200.00     1.00000      600.00    57823.00
   180   6367000.0     2600.00     5800.00     5800.00     3200.00     3200.00     1.00000      600.00    57823.00
   181   6368000.0     2600.00     5800.00     5800.00     3200.00     3200.00     1.00000      600.00    57823.00
   182   6368000.0     2600.00     5800.00     5800.00     3200.00     3200.00     1.00000      600.00    57823.00
   183   6369000.0     2600.00     5800.00     5800.00     3200.00     3200.00     1.00000      600.00    57823.00
   184   6370000.0     2600.00     5800.00     5800.00     3200.00     3200.00     1.00000      600.00    57823.00
   185   6371000.0     2600.00     5800.00     5800.00     3200.00     3200.00     1.00000      600.00    57823.00

integration precision =  0.1000E-09  root precision =  0.1000E-09  gravity cut off =  0.6283E-02 rad/s


      mode        phs vel       w(mhz)          t(secs)      grp vel(km/s)        q             raylquo

    0 t    2    6.066926       0.3788970        2639.239        9.170774        250.3934      -0.5923442E-09
    0 t    3    6.698535       0.5856800        1707.417        7.603935        239.9743       0.2786523E-09
    0 t    4    6.804545       0.7649343        1307.302        6.785440        228.1605       0.8161173E-09
    0 t    5    6.748676       0.9272435        1078.465        6.221282        216.3128       0.9065570E-09
    0 t    6    6.635992        1.077536        928.0434        5.813973        205.3150       0.9596785E-09
    0 t    7    6.506727        1.219092        820.2829        5.515300        195.5206       0.8237424E-09
    0 t    8    6.377400        1.354176        738.4565        5.291085        186.9644       0.9582166E-09
    0 t    9    6.254555        1.484337        673.7014        5.117906        179.5509       0.6321005E-09
    0 t   10    6.140432        1.610648        620.8680        4.980727        173.1496       0.8301022E-09
    0 t   11    6.035444        1.733882        576.7405        4.870071        167.6301       0.1915236E-08
    0 t   12    5.939258        1.854619        539.1942        4.779791        162.8726       0.2297009E-08
    0 t   13    5.851263        1.973313        506.7620        4.705667        158.7705       0.3100348E-08
    0 t   14    5.770767        2.090326        478.3943        4.644614        155.2304       0.3572043E-08
    0 t   15    5.697081        2.205955        453.3185        4.594260        152.1711       0.2242812E-08
    0 t   16    5.629556        2.320441        430.9525        4.552712        149.5229       0.2900379E-08
    0 t   17    5.567593        2.433986        410.8487        4.518435        147.2260       0.3203213E-08
    0 t   18    5.510649        2.546754        392.6567        4.490166        145.2298       0.1894798E-09
    0 t   19    5.458230        2.658882        376.0980        4.466866        143.4914       0.4485500E-08
    0 t   20    5.409896        2.770482        360.9480        4.447673        141.9742       0.2693644E-09
    0 t   21    5.365250        2.881648        347.0236        4.431878        140.6475       0.2879568E-09
    0 t   22    5.323938        2.992458        334.1735        4.418893        139.4854       0.3179184E-09
    0 t   23    5.285643        3.102975        322.2714        4.408231        138.4656       0.3097120E-09
    0 t   24    5.250081        3.213251        311.2113        4.399492        137.5695       0.2847384E-09
    0 t   25    5.217000        3.323331        300.9029        4.392342        136.7812       0.3115903E-09
    0 t   26    5.186174        3.433250        291.2692        4.386507        136.0870       0.2703012E-09
    0 t   27    5.157398        3.543039        282.2436        4.381759        135.4755       0.6353840E-09
    0 t   28    5.130493        3.652721        273.7685        4.377908        134.9367       0.1915303E-09
    0 t   29    5.105296        3.762318        265.7936        4.374799        134.4621       0.6093382E-09
    0 t   30    5.081661        3.871846        258.2748        4.372301        134.0442       0.6372897E-09
    0 t   31    5.059456        3.981318        251.1731        4.370306        133.6769       0.9538148E-09
    0 t   32    5.038563        4.090747        244.4541        4.368725        133.3546       0.9867479E-09
    0 t   33    5.018877        4.200141        238.0872        4.367484        133.0726       0.1582337E-08
    0 t   34    5.000301        4.309509        232.0450        4.366519        132.8268       0.1634818E-08
    0 t   35    4.982748        4.418855        226.3030        4.365779        132.6135       0.1688694E-08
    0 t   36    4.966139        4.528186        220.8390        4.365222        132.4296       0.1927578E-08
    0 t   37    4.950404        4.637505        215.6332        4.364812        132.2723       0.1397692E-08
    0 t   38    4.935477        4.746816        210.6675        4.364518        132.1393       0.2263913E-08
    0 t   39    4.921301        4.856121        205.9257        4.364317        132.0284       0.1657329E-08
    0 t   40    4.907820        4.965422        201.3927        4.364187        131.9377       0.1708120E-08
    0 t   41    4.894987        5.074721        197.0552        4.364110        131.8656       0.1969020E-08
    0 t   42    4.882757        5.184019        192.9005        4.364074        131.8106       0.2028636E-08
    0 t   43    4.871089        5.293316        188.9175        4.364066        131.7715       0.2085442E-08
    0 t   44    4.859945        5.402613        185.0956        4.364077        131.7471       0.1162556E-08
    0 t   45    4.849292        5.511911        181.4253        4.364098        131.7363       0.2489416E-08
    0 t   46    4.839097        5.621210        177.8976        4.364122        131.7383       0.2562430E-08
    0 t   47    4.829332        5.730509        174.5046        4.364145        131.7522       0.1424594E-08
    0 t   48    4.819970        5.839809        171.2385        4.364161        131.7774       0.1464779E-08
    0 t   49    4.810987        5.949108        168.0924        4.364168        131.8131       0.1507306E-08
    0 t   50    4.802359        6.058408        165.0599        4.364161        131.8588       0.5927134E-10
    0 t   51    4.794066        6.167708        162.1348        4.364140        131.9140       0.5498167E-10
    0 t   52    4.786089        6.277006        159.3116        4.364101        131.9782       0.5675652E-10
    0 t   53    4.778408        6.386304        156.5851        4.364044        132.0511       0.5002250E-10
    0 t   54    4.771008        6.495599        153.9504        4.363968        132.1321       0.5169950E-10
    0 t   55    4.763873        6.604892        151.4029        4.363870        132.2210       0.4170260E-10
    0 t   56    4.756989        6.714182        148.9385        4.363752        132.3175       0.4126785E-10
    0 t   57    4.750342        6.823469        146.5530        4.363611        132.4213       0.4264185E-10
    0 t   58    4.743919        6.932752        144.2429        4.363449        132.5321       0.2653611E-10
    0 t   59    4.737709        7.042030        142.0045        4.363265        132.6498       0.2697512E-10
    0 t   60    4.731701        7.151303        139.8346        4.363058        132.7741       0.7458550E-11
    0 t   61    4.725885        7.260571        137.7302        4.362829        132.9049       0.6726747E-11
    0 t   62    4.720251        7.369832        135.6883        4.362578        133.0419       0.7018151E-11
    0 t   63    4.714789        7.479087        133.7062        4.362305        133.1851       0.7355148E-11
    0 t   64    4.709493        7.588333        131.7812        4.362010        133.3343      -0.1978115E-10
    0 t   65    4.704354        7.697572        129.9111        4.361692        133.4893      -0.2832801E-10
    0 t   66    4.699364        7.806803        128.0934        4.361354        133.6501      -0.2896113E-10
    0 t   67    4.694516        7.916024        126.3260        4.360993        133.8167      -0.6223962E-10
    0 t   68    4.689804        8.025236        124.6069        4.360612        133.9887      -0.6399658E-10
    0 t   69    4.685222        8.134438        122.9341        4.360210        134.1664      -0.6568058E-10
    0 t   70    4.680764        8.243629        121.3058        4.359787        134.3494      -0.6707530E-10
    0 t   71    4.676425        8.352808        119.7202        4.359343        134.5378      -0.6859134E-10
    0 t   72    4.672198        8.461976        118.1757        4.358879        134.7316      -0.5998226E-10
    0 t   73    4.668080        8.571132        116.6707        4.358395        134.9306      -0.6163530E-10
    0 t   74    4.664066        8.680275        115.2037        4.357891        135.1348      -0.6319440E-10
    0 t   75    4.660151        8.789405        113.7733        4.357367        135.3443      -0.6466230E-10
    0 t   76    4.656331        8.898521        112.3782        4.356823        135.5589      -0.6603295E-10
    0 t   77    4.652602        9.007622        111.0171        4.356260        135.7787      -0.6729931E-10
    0 t   78    4.648961        9.116709        109.6887        4.355678        136.0035      -0.6846113E-10
    0 t   79    4.645404        9.225781        108.3919        4.355077        136.2335      -0.6951365E-10
    0 t   80    4.641927        9.334837        107.1256        4.354457        136.4685      -0.7045392E-10
    0 t   81    4.638528        9.443876        105.8887        4.353818        136.7087      -0.7099540E-10
    0 t   82    4.635203        9.552899        104.6803        4.353160        136.9538      -0.7169580E-10
    0 t   83    4.631949        9.661905        103.4993        4.352484        137.2041      -0.7200020E-10
    0 t   84    4.628764        9.770893        102.3448        4.351789        137.4594      -0.7245487E-10
    0 t   85    4.625645        9.879863        101.2160        4.351076        137.7198      -0.7280029E-10
    0 t   86    4.622589        9.988815        100.1120        4.350345        137.9852      -0.7279820E-10
    0 t   87    4.619595        10.09775        99.03199        4.349595        138.2558      -0.7288286E-10
    1 t    1    32.95253        1.234788        809.8554        2.577175        259.4956      -0.4374076E-10
    1 t    2    21.11651        1.318787        758.2726        4.101943        255.9248      -0.4007761E-10
    1 t    3    16.44383        1.437751        695.5309        5.358767        252.4171      -0.3997385E-10
    1 t    4    14.09115        1.584059        631.2895        6.280291        249.2345      -0.4381544E-10
    1 t    5    12.72932        1.748962        571.7678        6.846790        245.8574       0.3585670E-09
    1 t    6    11.84848        1.923927        519.7704        7.094790        241.7480       0.4440340E-09
    1 t    7    11.21863        2.101907        475.7585        7.102929        236.8796       0.4034917E-09
    1 t    8    10.72858        2.278105        438.9614        6.968213        231.7354       0.4781603E-09
    1 t    9    10.32401        2.450104        408.1460        6.779581        226.9398       0.4112427E-09
    1 t   10    9.978456        2.617370        382.0629        6.596386        222.8859       0.4784837E-09
    1 t   11    9.678321        2.780420        359.6579        6.443990        219.6326       0.5700030E-09
    1 t   12    9.415365        2.940084        340.1264        6.324707        217.0237       0.4202379E-09
    1 t   13    9.183536        3.097107        322.8820        6.231190        214.8374       0.4724624E-09
    1 t   14    8.977864        3.252022        307.5009        6.154654        212.8719       0.2290719E-09
    1 t   15    8.794143        3.405162        293.6718        6.088049        210.9744       0.3092885E-09
    1 t   16    8.628828        3.556709        281.1588        6.026560        209.0407       0.4007720E-09
    1 t   17    8.478964        3.706751        269.7781        5.967204        207.0064       0.9842468E-09
    1 t   18    8.342110        3.855318        259.3820        5.908270        204.8368       0.5172564E-09
    1 t   19    8.216262        4.002408        249.8496        5.848872        202.5191      -0.8665243E-10
    1 t   20    8.099775        4.148006        241.0797        5.788646        200.0564       0.6854725E-09
    1 t   21    7.991303        4.292088        232.9869        5.727550        197.4627       0.7557056E-09
    1 t   22    7.889742        4.434635        225.4977        5.665741        194.7598      -0.1176646E-09
    1 t   23    7.794186        4.575633        218.5490        5.603500        191.9742      -0.1241450E-09
    1 t   24    7.703889        4.715075        212.0857        5.541178        189.1348      -0.1415448E-09
    1 t   25    7.618235        4.852964        206.0596        5.479164        186.2712      -0.1455680E-09
    1 t   26    7.536720        4.989313        200.4284        5.417861        183.4124      -0.1322686E-09
    1 t   27    7.458924        5.124145        195.1545        5.357658        180.5850      -0.1486936E-09
    1 t   28    7.384502        5.257492        190.2048        5.298924        177.8131      -0.1355790E-09
    1 t   29    7.313165        5.389394        185.5496        5.241987        175.1172      -0.1441929E-09
    1 t   30    7.244674        5.519900        181.1627        5.187132        172.5144      -0.1009860E-10
    1 t   31    7.178829        5.649066        177.0204        5.134591        170.0180      -0.1297515E-10
    1 t   32    7.115457        5.776951        173.1017        5.084544        167.6377      -0.2718493E-10
    1 t   33    7.054416        5.903620        169.3876        5.037116        165.3803       0.1784268E-09
    1 t   34    6.995578        6.029138        165.8612        4.992385        163.2493       0.1572157E-09
    1 t   35    6.938835        6.153574        162.5072        4.950378        161.2462       0.1219112E-09
    1 t   36    6.884088        6.276996        159.3119        4.911086        159.3702       0.1311657E-09
    1 t   37    6.831250        6.399470        156.2629        4.874463        157.6189       0.2636424E-09
    1 t   38    6.780241        6.521063        153.3492        4.840433        155.9886       0.2719102E-09
    1 t   39    6.730985        6.641838        150.5607        4.808902        154.4747      -0.4760452E-10
    1 t   40    6.683414        6.761856        147.8884        4.779755        153.0721      -0.6258712E-10
    1 t   41    6.637461        6.881175        145.3240        4.752867        151.7751      -0.8267776E-10
    1 t   42    6.593064        6.999851        142.8602        4.728107        150.5778      -0.5886127E-09
    1 t   43    6.550163        7.117933        140.4902        4.705338        149.4743      -0.5424477E-09
    1 t   44    6.508700        7.235471        138.2080        4.684425        148.4586      -0.5507453E-09
    1 t   45    6.468620        7.352508        136.0080        4.665232        147.5249      -0.5909467E-09
    1 t   46    6.429868        7.469087        133.8852        4.647628        146.6678      -0.1410131E-08
    1 t   47    6.392394        7.585246        131.8349        4.631489        145.8818      -0.1503140E-08
    1 t   48    6.356146        7.701018        129.8530        4.616694        145.1618      -0.1597313E-08
    1 t   49    6.321077        7.816437        127.9355        4.603131        144.5031      -0.1697318E-08
    1 t   50    6.287140        7.931532        126.0791        4.590693        143.9011      -0.8306077E-09
    1 t   51    6.254290        8.046329        124.2803        4.579282        143.3515      -0.9292320E-09
    1 t   52    6.222484        8.160854        122.5362        4.568806        142.8504      -0.9760561E-09
    1 t   53    6.191678        8.275127        120.8441        4.559180        142.3941      -0.1022416E-08
    1 t   54    6.161834        8.389171        119.2013        4.550327        141.9791      -0.1068089E-08
    1 t   55    6.132913        8.503002        117.6055        4.542176        141.6023      -0.1112923E-08
    1 t   56    6.104877        8.616638        116.0545        4.534660        141.2606      -0.1156832E-08
    1 t   57    6.077690        8.730094        114.5463        4.527720        140.9513      -0.1199797E-08
    1 t   58    6.051319        8.843384        113.0789        4.521303        140.6718      -0.1238178E-08
    1 t   59    6.025731        8.956519        111.6505        4.515358        140.4197       0.5271725E-09
    1 t   60    6.000894        9.069511        110.2595        4.509842        140.1928      -0.1309448E-08
    1 t   61    5.976778        9.182370        108.9043        4.504713        139.9890      -0.1398810E-08
    1 t   62    5.953355        9.295105        107.5835        4.499934        139.8065      -0.1427038E-08
    1 t   63    5.930597        9.407726        106.2956        4.495474        139.6435      -0.1452659E-08
    1 t   64    5.908477        9.520238        105.0394        4.491303        139.4982      -0.1475219E-08
    1 t   65    5.886972        9.632650        103.8136        4.487392        139.3693      -0.1497380E-08
    1 t   66    5.866056        9.744967        102.6171        4.483718        139.2552      -0.1517520E-08
    1 t   67    5.845707        9.857195        101.4487        4.480260        139.1546      -0.1531923E-08
    1 t   68    5.825903        9.969339        100.3076        4.476997        139.0663      -0.1549559E-08
    1 t   69    5.806623        10.08140        99.19254        4.473913        138.9891      -0.1572207E-08
    2 t    1    58.30107        2.184642        457.7409        1.293090        203.5151      -0.4172124E-10
    2 t    2    35.66963        2.227671        448.8992        2.144363        204.6087      -0.4427554E-10
    2 t    3    26.21220        2.291838        436.3309        2.982333        206.4201      -0.4858644E-10
    2 t    4    21.14293        2.376786        420.7362        3.805314        209.1176      -0.5515762E-10
    2 t    5    18.06530        2.482107        402.8836        4.609985        212.8494      -0.6457758E-10
    2 t    6    16.05648        2.607212        383.5515        5.383794        217.6442      -0.8971585E-10
    2 t    7    14.68303        2.750993        363.5051        6.096676        223.2677      -0.1016872E-09
    2 t    8    13.71086        2.911362        343.4819        6.701845        229.1337      -0.1308378E-09
    2 t    9    12.99934        3.085016        324.1474        7.152909        234.4305       0.4705976E-09
    2 t   10    12.45795        3.267747        306.0212        7.426815        238.4544       0.2840594E-09
    2 t   11    12.02709        3.455182        289.4203        7.533557        240.8837       0.2926347E-09
    2 t   12    11.66816        3.643552        274.4574        7.509128        241.8036       0.2885636E-09
    2 t   13    11.35719        3.830164        261.0855        7.401031        241.5489       0.2640387E-09
    2 t   14    11.08008        4.013502        249.1590        7.254066        240.5113      -0.2623018E-09
    2 t   15    10.82890        4.193035        238.4907        7.100800        239.0098      -0.3082526E-09
    2 t   16    10.59916        4.368856        228.8928        6.959081        237.2478      -0.3412565E-09
    2 t   17    10.38807        4.541353        220.1987        6.835176        235.3331      -0.3600943E-09
    2 t   18    10.19358        4.710976        212.2702        6.728760        233.3191       0.3574847E-09
    2 t   19    10.01396        4.878128        204.9967        6.636921        231.2371      -0.3979780E-09
    2 t   20    9.847681        5.043132        198.2895        6.556424        229.1142      -0.4059054E-09
    2 t   21    9.693332        5.206239        192.0772        6.484632        226.9801      -0.4151140E-09
    2 t   22    9.549670        5.367640        186.3016        6.419682        224.8666      -0.4241985E-09
    2 t   23    9.415593        5.527491        180.9139        6.360360        222.8049      -0.4222450E-09
    2 t   24    9.290142        5.685923        175.8730        6.305891        220.8227      -0.4272450E-09
    2 t   25    9.172480        5.843048        171.1435        6.255749        218.9413      -0.3788374E-09
    2 t   26    9.061881        5.998971        166.6953        6.209517        217.1745      -0.2606379E-09
    2 t   27    8.957711        6.153784        162.5016        6.166802        215.5276      -0.2573929E-09
    2 t   28    8.859407        6.307570        158.5397        6.127188        213.9984      -0.2240867E-09
    2 t   29    8.766472        6.460400        154.7892        6.090224        212.5775      -0.2825758E-09
    2 t   30    8.678456        6.612335        151.2325        6.055425        211.2502      -0.3062376E-09
    2 t   31    8.594952        6.763423        147.8541        6.022290        209.9975      -0.3939274E-09
    2 t   32    8.515586        6.913698        144.6404        5.990315        208.7981      -0.5157807E-09
    2 t   33    8.440015        7.063184        141.5792        5.959015        207.6295      -0.6361143E-09
    2 t   34    8.367922        7.211893        138.6599        5.927939        206.4691      -0.8827336E-09
    2 t   35    8.299014        7.359823        135.8728        5.896680        205.2957      -0.1121648E-08
    2 t   36    8.233018        7.506966        133.2096        5.864885        204.0901      -0.1355767E-08
    2 t   37    8.169685        7.653306        130.6625        5.832263        202.8354      -0.1734051E-08
    2 t   38    8.108780        7.798818        128.2246        5.798583        201.5180      -0.2086191E-08
    2 t   39    8.050092        7.943474        125.8895        5.763677        200.1277      -0.2468903E-08
    2 t   40    7.993424        8.087241        123.6516        5.727442        198.6575      -0.2913050E-08
    2 t   41    7.938598        8.230087        121.5054        5.689833        197.1041      -0.3342144E-08
    2 t   42    7.885451        8.371976        119.4461        5.650861        195.4675      -0.3871524E-08
    2 t   43    7.833837        8.512876        117.4691        5.610593        193.7509      -0.4236542E-08
    2 t   44    7.783624        8.652755        115.5701        5.569140        191.9600      -0.4774211E-08
    2 t   45    7.734696        8.791585        113.7451        5.526659        190.1034      -0.5180950E-08
    2 t   46    7.686951        8.929344        111.9903        5.483339        188.1911      -0.5498700E-08
    2 t   47    7.640297        9.066014        110.3021        5.439400        186.2350      -0.5986600E-08
    2 t   48    7.594657        9.201581        108.6770        5.395081        184.2476      -0.6312459E-08
    2 t   49    7.549965        9.336039        107.1118        5.350635        182.2422      -0.6663892E-08
    2 t   50    7.506164        9.469389        105.6034        5.306320        180.2318      -0.6906846E-08
    2 t   51    7.463207        9.601636        104.1489        5.262391        178.2290      -0.7283056E-08
    2 t   52    7.421056        9.732795        102.7454        5.219093        176.2457      -0.7280931E-08
    2 t   53    7.379680        9.862883        101.3902        5.176657        174.2929      -0.7602063E-08
    2 t   54    7.339054        9.991924        100.0808        5.135292        172.3800      -0.7455514E-08
    2 t   55    7.299158        10.11995        98.81473        5.095183        170.5153      -0.7668549E-08
    3 t    1    85.39185        3.199781        312.5214       0.9195437        215.5911      -0.4613134E-09
    3 t    2    51.72524        3.230391        309.5601        1.526142        216.5648      -0.4593409E-09
    3 t    3    37.46904        3.276070        305.2438        2.123743        217.9958      -0.4591384E-09
    3 t    4    29.68069        3.336561        299.7098        2.709988        219.8502      -0.4562692E-09
    3 t    5    24.83007        3.411562        293.1209        3.283616        222.0855      -0.4558907E-09
    3 t    6    21.55934        3.500752        285.6529        3.844523        224.6527      -0.4567914E-09
    3 t    7    19.23488        3.603821        277.4832        4.393488        227.4969      -0.4665053E-09
    3 t    8    17.52136        3.720482        268.7824        4.931311        230.5549      -0.4769736E-09
    3 t    9    16.22464        3.850448        259.7100        5.456995        233.7447      -0.4881260E-09
    3 t   10    15.22427        3.993358        250.4158        5.964824        236.9440      -0.5081904E-09
    3 t   11    14.44084        4.148613        241.0444        6.441099        239.9614      -0.5265060E-09
    3 t   12    13.81891        4.315153        231.7415        6.862856        242.5178      -0.5383818E-09
    3 t   13    13.31748        4.491263        222.6545        7.201529        244.2707      -0.5739302E-09
    3 t   14    12.90498        4.674530        213.9253        7.431882        244.8980      -0.6002182E-09
    3 t   15    12.55672        4.862061        205.6741        7.542001        244.2144      -0.6062085E-09
    3 t   16    12.25384        5.050898        197.9846        7.539001        242.2628      -0.5960602E-09
    3 t   17    11.98273        5.238494        190.8945        7.447935        239.3283      -0.5799860E-09
    3 t   18    11.73443        5.423081        184.3970        7.304377        235.8586      -0.5257739E-09
    3 t   19    11.50364        5.603800        178.4504        7.143623        232.3202      -0.3792086E-09
    3 t   20    11.28767        5.780569        172.9933        6.991722        229.0707      -0.3306208E-09
    3 t   21    11.08521        5.953808        167.9597        6.862380        226.3087      -0.3012563E-09
    3 t   22    10.89558        6.124141        163.2882        6.759208        224.0955      -0.3265448E-09
    3 t   23    10.71821        6.292203        158.9269        6.679939        222.4057      -0.4013683E-09
    3 t   24    10.55250        6.458535        154.8339        6.619959        221.1717      -0.5923036E-09
    3 t   25    10.39773        6.623557        150.9763        6.574373        220.3113      -0.8595895E-09
    3 t   26    10.25312        6.787574        147.3280        6.538907        219.7421      -0.1234425E-08
    3 t   27    10.11787        6.950794        143.8685        6.510158        219.3878      -0.1698776E-08
    3 t   28    9.991183        7.113352        140.5807        6.485543        219.1804      -0.2230747E-08
    3 t   29    9.872289        7.275325        137.4509        6.463165        219.0606      -0.2906567E-08
    3 t   30    9.760474        7.436752        134.4673        6.441662        218.9786      -0.3683639E-08
    3 t   31    9.655076        7.597641        131.6198        6.420085        218.8930      -0.4511813E-08
    3 t   32    9.555490        7.757983        128.8995        6.397798        218.7712      -0.5382798E-08
    3 t   33    9.461167        7.917754        126.2984        6.374406        218.5886      -0.6256024E-08
    3 t   34    9.371614        8.076924        123.8095        6.349701        218.3282      -0.7179691E-08
    3 t   35    9.286390        8.235459        121.4261        6.323622        217.9801      -0.8117151E-08
    3 t   36    9.205103        8.393325        119.1423        6.296225        217.5410      -0.9030230E-08
    3 t   37    9.127404        8.550491        116.9523        6.267657        217.0131      -0.9947121E-08
    3 t   38    9.052986        8.706931        114.8510        6.238140        216.4038      -0.1069297E-07
    3 t   39    8.981578        8.862623        112.8334        6.207946        215.7243      -0.1130168E-07
    3 t   40    8.912946        9.017556        110.8948        6.177385        214.9892      -0.1189196E-07
    3 t   41    8.846884        9.171723        109.0308        6.146785        214.2148      -0.1225865E-07
    3 t   42    8.783213        9.325129        107.2371        6.116476        213.4187      -0.1246086E-07
    3 t   43    8.721778        9.477784        105.5099        6.086772        212.6185      -0.1249962E-07
    3 t   44    8.662447        9.629708        103.8453        6.057956        211.8307      -0.1233438E-07
    3 t   45    8.605102        9.780925        102.2398        6.030265        211.0700      -0.1209327E-07
    3 t   46    8.549641        9.931466        100.6901        6.003883        210.3487      -0.1151805E-07
    3 t   47    8.495975        10.08137        99.19291        5.978928        209.6760      -0.1088783E-07
    4 t    1    114.7471        4.299771        232.5705       0.6683098        220.3849      -0.1343969E-08
    4 t    2    69.20456        4.322024        231.3731        1.109900        220.4013      -0.1339254E-08
    4 t    3    49.81193        4.355258        229.6075        1.545793        220.4194      -0.1331725E-08
    4 t    4    39.13445        4.399307        227.3085        1.974158        220.4332      -0.1320823E-08
    4 t    5    32.41689        4.453963        224.5192        2.393598        220.4369      -0.1305796E-08
    4 t    6    27.83016        4.518991        221.2883        2.803264        220.4274      -0.1285706E-08
    4 t    7    24.52058        4.594144        217.6684        3.202955        220.4067      -0.1259461E-08
    4 t    8    22.03626        4.679176        213.7129        3.593221        220.3845      -0.1225891E-08
    4 t    9    20.11565        4.773867        209.4738        3.975438        220.3818      -0.1183643E-08
    4 t   10    18.59704        4.878042        205.0003        4.351846        220.4335      -0.1140036E-08
    4 t   11    17.37516        4.991592        200.3369        4.725454        220.5912      -0.1044751E-08
    4 t   12    16.37871        5.114490        195.5229        5.099660        220.9240      -0.9228949E-09
    4 t   13    15.55776        5.246787        190.5928        5.477297        221.5132      -0.8416115E-09
    4 t   14    14.87627        5.388583        185.5775        5.858780        222.4381      -0.6476384E-09
    4 t   15    14.30737        5.539927        180.5078        6.239247        223.7457      -0.5082150E-09
    4 t   16    13.83018        5.700648        175.4187        6.605599        225.4061      -0.4321026E-09
    4 t   17    13.42757        5.870134        170.3539        6.935867        227.2758      -0.4457777E-09
    4 t   18    13.08479        6.047153        165.3671        7.203683        229.1061      -0.5766295E-09
    4 t   19    12.78882        6.229852        160.5175        7.387499        230.6237      -0.7812715E-09
    4 t   20    12.52847        6.415999        155.8604        7.479559        231.6446      -0.1124366E-08
    4 t   21    12.29462        6.603378        151.4376        7.488946        232.1452      -0.1641788E-08
    4 t   22    12.08053        6.790177        147.2716        7.437376        232.2427      -0.2325852E-08
    4 t   23    11.88163        6.975195        143.3652        7.350832        232.1117      -0.3241040E-08
    4 t   24    11.69510        7.157851        139.7067        7.251720        231.8999      -0.4315085E-08
    4 t   25    11.51932        7.338034        136.2763        7.154771        231.6854      -0.5565298E-08
    4 t   26    11.35331        7.515898        133.0513        7.067013        231.4804      -0.6880613E-08
    4 t   27    11.19637        7.691702        130.0102        6.990004        231.2556      -0.8296685E-08
    4 t   28    11.04791        7.865701        127.1342        6.922390        230.9666      -0.9786675E-08
    4 t   29    10.90734        8.038102        124.4075        6.861783        230.5718      -0.1123326E-07
    4 t   30    10.77409        8.209050        121.8168        6.805831        230.0415      -0.1258852E-07
    4 t   31    10.64757        8.378638        119.3511        6.752684        229.3617      -0.1381210E-07
    4 t   32    10.52722        8.546918        117.0012        6.701124        228.5336      -0.1481892E-07
    4 t   33    10.41253        8.713922        114.7589        6.650518        227.5725      -0.1558375E-07
    4 t   34    10.30304        8.879670        112.6168        6.600722        226.5050      -0.1604329E-07
    4 t   35    10.19832        9.044187        110.5683        6.551947        225.3659      -0.1615559E-07
    4 t   36    10.09802        9.207501        108.6071        6.504648        224.1954      -0.1597988E-07
    4 t   37    10.00184        9.369658        106.7275        6.459406        223.0353      -0.1537088E-07
    4 t   38    9.909513        9.530717        104.9239        6.416838        221.9264      -0.1446192E-07
    4 t   39    9.820821        9.690751        103.1912        6.377510        220.9053      -0.1328533E-07
    4 t   40    9.735583        9.849848        101.5244        6.341877        220.0023      -0.1191211E-07
    4 t   41    9.653642        10.00810        99.91903        6.310244        219.2403      -0.1056409E-07
    5 t    1    142.6867        5.346719        187.0306       0.5129448        199.0864      -0.1136450E-08
    5 t    2    85.88582        5.363817        186.4344       0.8534617        199.1704      -0.1122536E-08
    5 t    3    61.63974        5.389412        185.5490        1.191895        199.3056      -0.1103777E-08
    5 t    4    48.24473        5.423441        184.3848        1.527577        199.5028      -0.1082778E-08
    5 t    5    39.78148        5.465831        182.9548        1.860006        199.7768      -0.1063134E-08
    5 t    6    33.97326        5.516493        181.2746        2.188873        200.1455      -0.1049519E-08
    5 t    7    29.75757        5.575339        179.3613        2.514105        200.6309      -0.1047795E-08
    5 t    8    26.57193        5.642279        177.2334        2.835883        201.2577      -0.1065119E-08
    5 t    9    24.09071        5.717231        174.9099        3.154673        202.0541      -0.1100209E-08
    5 t   10    22.11240        5.800129        172.4100        3.471236        203.0505      -0.1169292E-08
    5 t   11    20.50565        5.890930        169.7525        3.786652        204.2798      -0.1269029E-08
    5 t   12    19.18125        5.989622        166.9554        4.102322        205.7757      -0.1443925E-08
    5 t   13    18.07653        6.096232        164.0358        4.419958        207.5727      -0.1682435E-08
    5 t   14    17.14625        6.210832        161.0090        4.741525        209.7037      -0.2023863E-08
    5 t   15    16.35696        6.333546        157.8894        5.069067        212.1974      -0.2451268E-08
    5 t   16    15.68345        6.464546        154.6899        5.404312        215.0736      -0.3013686E-08
    5 t   17    15.10632        6.604035        151.4226        5.747891        218.3335      -0.3684251E-08
    5 t   18    14.61038        6.752206        148.0997        6.097995        221.9439      -0.4497507E-08
    5 t   19    14.18332        6.909156        144.7355        6.448536        225.8149      -0.5443550E-08
    5 t   20    13.81482        7.074756        141.3476        6.787408        229.7760      -0.6504584E-08
    5 t   21    13.49575        7.248498        137.9596        7.096207        233.5672      -0.7680346E-08
    5 t   22    13.21770        7.429355        134.6012        7.352864        236.8662      -0.8963041E-08
    5 t   23    12.97277        7.615760        131.3067        7.537204        239.3558      -0.1040057E-07
    5 t   24    12.75367        7.805732        128.1110        7.637178        240.8098      -0.1191921E-07
    5 t   25    12.55399        7.997135        125.0448        7.652817        241.1560      -0.1349328E-07
    5 t   26    12.36855        8.187991        122.1301        7.596281        240.4881      -0.1504689E-07
    5 t   27    12.19354        8.376741        119.3782        7.488269        239.0285      -0.1642480E-07
    5 t   28    12.02646        8.562394        116.7898        7.352283        237.0609      -0.1748573E-07
    5 t   29    11.86592        8.744519        114.3574        7.209081        234.8619      -0.1803416E-07
    5 t   30    11.71130        8.923134        112.0682        7.073379        232.6559      -0.1797981E-07
    5 t   31    11.56242        9.098542        109.9077        6.953410        230.6025      -0.1729481E-07
    5 t   32    11.41930        9.271186        107.8611        6.852365        228.8043      -0.1604410E-07
    5 t   33    11.28199        9.441543        105.9149        6.770322        227.3214      -0.1433112E-07
    5 t   34    11.15052        9.610072        104.0575        6.705798        226.1852      -0.1240384E-07
    5 t   35    11.02486        9.777186        102.2789        6.656692        225.4055      -0.1039472E-07
    5 t   36    10.90492        9.943241        100.5708        6.620760        224.9756      -0.8595185E-08
    5 t   37    10.79058        10.10854        98.92626        6.595808        224.8751      -0.7260135E-08
    6 t    1    170.5440        6.390579        156.4803       0.4438366        201.9055      -0.8414237E-08
    6 t    2    102.5634        6.405379        156.1188       0.7389448        202.1921      -0.8547002E-08
    6 t    3    73.51311        6.427548        155.5803        1.032890        202.6212      -0.8748166E-08
    6 t    4    57.43933        6.457053        154.8694        1.325229        203.1914      -0.9020020E-08
    6 t    5    47.26362        6.493849        153.9919        1.615541        203.9007      -0.9365413E-08
    6 t    6    40.26344        6.537878        152.9548        1.903431        204.7459      -0.9787553E-08
    6 t    7    35.16825        6.589076        151.7663        2.188537        205.7228      -0.1030955E-07
    6 t    8    31.30533        6.647369        150.4355        2.470534        206.8254      -0.1091922E-07
    6 t    9    28.28521        6.712675        148.9719        2.749140        208.0458      -0.1163734E-07
    6 t   10    25.86676        6.784906        147.3860        3.024129        209.3741      -0.1240597E-07
    6 t   11    23.89269        6.863970        145.6883        3.295338        210.7983      -0.1324765E-07
    6 t   12    22.25604        6.949770        143.8897        3.562685        212.3040      -0.1413943E-07
    6 t   13    20.88154        7.042209        142.0009        3.826193        213.8748      -0.1512994E-07
    6 t   14    19.71470        7.141194        140.0326        4.086019        215.4928      -0.1620650E-07
    6 t   15    18.71510        7.246634        137.9951        4.342487        217.1389      -0.1733804E-07
    6 t   16    17.85213        7.358454        135.8981        4.596131        218.7944      -0.1850348E-07
    6 t   17    17.10224        7.476590        133.7508        4.847732        220.4414      -0.1967319E-07
    6 t   18    16.44700        7.601004        131.5616        5.098341        222.0650      -0.2080732E-07
    6 t   19    15.87183        7.731687        129.3379        5.349252        223.6540      -0.2184364E-07
    6 t   20    15.36507        7.868664        127.0864        5.601867        225.2025      -0.2273547E-07
    6 t   21    14.91728        8.011994        124.8129        5.857358        226.7092      -0.2338284E-07
    6 t   22    14.52073        8.161754        122.5227        6.116003        228.1751      -0.2372139E-07
    6 t   23    14.16899        8.318008        120.2211        6.376073        229.5960      -0.2362615E-07
    6 t   24    13.85654        8.480734        117.9143        6.632389        230.9518      -0.2303050E-07
    6 t   25    13.57843        8.649726        115.6106        6.875051        232.1932      -0.2186830E-07
    6 t   26    13.33000        8.824468        113.3213        7.089486        233.2367      -0.2017731E-07
    6 t   27    13.10667        9.004046        111.0612        7.259010        233.9818      -0.1800597E-07
    6 t   28    12.90398        9.187152        108.8477        7.369908        234.3532      -0.1543079E-07
    6 t   29    12.71770        9.372234        106.6981        7.417018        234.3536      -0.1270670E-07
    6 t   30    12.54421        9.557750        104.6271        7.406621        234.0900      -0.1011604E-07
    6 t   31    12.38069        9.742447        102.6436        7.354649        233.7482      -0.8018891E-08
    6 t   32    12.22525        9.925532        100.7503        7.281075        233.5267      -0.6782470E-08
    6 t   33    12.07680        10.10670        98.94429        7.203676        233.5715      -0.6760544E-08
    7 t    1    199.8868        7.490105        133.5095       0.3785346        210.0797      -0.4018389E-07
    7 t    2    120.1341        7.502724        133.2849       0.6300223        210.1598      -0.4026418E-07
    7 t    3    86.02621        7.521620        132.9501       0.8802162        210.2769      -0.4037920E-07
    7 t    4    67.13286        7.546754        132.5073        1.128617        210.4273      -0.4052233E-07
    7 t    5    55.15485        7.578075        131.9596        1.374746        210.6063      -0.4068441E-07
    7 t    6    46.90010        7.615522        131.3108        1.618148        210.8083      -0.4085359E-07
    7 t    7    40.87892        7.659019        130.5650        1.858400        211.0271      -0.4101503E-07
    7 t    8    36.30258        7.708484        129.7272        2.095122        211.2561      -0.4115329E-07
    7 t    9    32.71444        7.763824        128.8025        2.327983        211.4886      -0.4123951E-07
    7 t   10    29.83178        7.824938        127.7965        2.556710        211.7184      -0.4125980E-07
    7 t   11    27.47017        7.891722        126.7151        2.781108        211.9401      -0.4117111E-07
    7 t   12    25.50423        7.964063        125.5640        3.001069        212.1498      -0.4095902E-07
    7 t   13    23.84569        8.041853        124.3495        3.216595        212.3459      -0.4056787E-07
    7 t   14    22.43064        8.124980        123.0772        3.427819        212.5297      -0.3997035E-07
    7 t   15    21.21171        8.213341        121.7531        3.635035        212.7061      -0.3912563E-07
    7 t   16    20.15298        8.306840        120.3827        3.838725        212.8851      -0.3798792E-07
    7 t   17    19.22683        8.405399        118.9712        4.039605        213.0823      -0.3652514E-07
    7 t   18    18.41162        8.508958        117.5232        4.238663        213.3196      -0.3472803E-07
    7 t   19    17.69023        8.617487        116.0431        4.437206        213.6270      -0.3255063E-07
    7 t   20    17.04894        8.730995        114.5345        4.636908        214.0425      -0.3001176E-07
    7 t   21    16.47667        8.849534        113.0003        4.839850        214.6130      -0.2712043E-07
    7 t   22    15.96442        8.973215        111.4428        5.048525        215.3944      -0.2392005E-07
    7 t   23    15.50482        9.102218        109.8633        5.265786        216.4507      -0.2053752E-07
    7 t   24    15.09186        9.236795        108.2627        5.494667        217.8515      -0.1713217E-07
    7 t   25    14.72054        9.377271        106.6408        5.737956        219.6668      -0.1390275E-07
    7 t   26    14.38674        9.524032        104.9976        5.997393        221.9564      -0.1112702E-07
    7 t   27    14.08695        9.677480        103.3327        6.272352        224.7522      -0.9123629E-08
    7 t   28    13.81807        9.837953        101.6472        6.558107        228.0336      -0.8254064E-08
    7 t   29    13.57716        10.00561        99.94398        6.844272        231.6996      -0.8858299E-08
    8 t    1    227.9006        8.539831        117.0983       0.3157361        201.3365      -0.4087592E-07
    8 t    2    136.9090        8.550360        116.9541       0.5257941        201.3837      -0.4043340E-07
    8 t    3    97.97256        8.566138        116.7387       0.7352165        201.4567      -0.3977517E-07
    8 t    4    76.38776        8.587145        116.4531       0.9437762        201.5580      -0.3889146E-07
    8 t    5    62.68985        8.613358        116.0987        1.151273        201.6912      -0.3779582E-07
    8 t    6    53.23857        8.644747        115.6772        1.357541        201.8607      -0.3649002E-07
    8 t    7    46.33509        8.681281        115.1904        1.562454        202.0724      -0.3498374E-07
    8 t    8    41.08002        8.722924        114.6405        1.765935        202.3329      -0.3328962E-07
    8 t    9    36.95265        8.769639        114.0298        1.967956        202.6502      -0.3142292E-07
    8 t   10    33.63065        8.821392        113.3608        2.168548        203.0336      -0.2941018E-07
    8 t   11    30.90380        8.878146        112.6361        2.367800        203.4935      -0.2728293E-07
    8 t   12    28.62917        8.939871        111.8584        2.565862        204.0415      -0.2508395E-07
    8 t   13    26.70617        9.006537        111.0305        2.762943        204.6900      -0.2286236E-07
    8 t   14    25.06200        9.078125        110.1549        2.959306        205.4525      -0.2068433E-07
    8 t   15    23.64265        9.154620        109.2345        3.155268        206.3426      -0.1862893E-07
    8 t   16    22.40723        9.236016        108.2718        3.351185        207.3743      -0.1678410E-07
    8 t   17    21.32423        9.322317        107.2695        3.547446        208.5607      -0.1525734E-07
    8 t   18    20.36894        9.413535        106.2300        3.744461        209.9141      -0.1416677E-07
    8 t   19    19.52178        9.509696        105.1558        3.942652        211.4448      -0.1363510E-07
    8 t   20    18.76699        9.610833        104.0492        4.142439        213.1605      -0.1380263E-07
    8 t   21    18.09176        9.716992        102.9125        4.344240        215.0656      -0.1481016E-07
    8 t   22    17.48558        9.828227        101.7477        4.548469        217.1604      -0.1678880E-07
    8 t   23    16.93976        9.944605        100.5570        4.755541        219.4408      -0.1987641E-07
    8 t   24    16.44701        10.06620        99.34235        4.965894        221.8974      -0.2418991E-07
    9 t    1    255.3043        9.566695        104.5293       0.2925098        209.7759      -0.3751076E-07
    9 t    2    153.3388        9.576451        104.4228       0.4873984        209.9611      -0.3795742E-07
    9 t    3    109.6951        9.591082        104.2635       0.6821105        210.2393      -0.3864360E-07
    9 t    4    85.49183        9.610581        104.0520       0.8765759        210.6105      -0.3958985E-07
    9 t    5    70.12517        9.634942        103.7889        1.070725        211.0750      -0.4082392E-07
    9 t    6    59.51659        9.664156        103.4752        1.264487        211.6329      -0.4237304E-07
    9 t    7    51.76281        9.698211        103.1118        1.457791        212.2840      -0.4427519E-07
    9 t    8    45.85620        9.737097        102.7000        1.650563        213.0278      -0.4657444E-07
    9 t    9    41.21337        9.780797        102.2412        1.842727        213.8632      -0.4931831E-07
    9 t   10    37.47318        9.829296        101.7367        2.034199        214.7886      -0.5255174E-07
    9 t   11    34.40011        9.882576        101.1882        2.224890        215.8015      -0.5633344E-07
    9 t   12    31.83396        9.940615        100.5974        2.414702        216.8985      -0.6070940E-07
    9 t   13    29.66203        10.00339        99.96611        2.603526        218.0748      -0.6573785E-07
