  PREM NO OCEAN MODEL: (    0.0000    0.000) anisotropic case                     ref per =   1.0 secs


  level    radius        rho         vpv         vph         vsv         vsh         eta         qmu         qkap

     1         0.0    13088.50    11262.20    11262.20     3667.80     3667.80     1.00000       84.60     1327.70
     2     38172.0    13088.18    11261.97    11261.97     3667.64     3667.64     1.00000       84.60     1327.70
     3     76344.0    13087.23    11261.29    11261.29     3667.16     3667.16     1.00000       84.60     1327.70
     4    114516.0    13085.64    11260.14    11260.14     3666.36     3666.36     1.00000       84.60     1327.70
     5    152688.0    13083.42    11258.54    11258.54     3665.25     3665.25     1.00000       84.60     1327.70
     6    190859.0    13080.57    11256.49    11256.49     3663.81     3663.81     1.00000       84.60     1327.70
     7    229031.0    13077.08    11253.98    11253.98     3662.05     3662.05     1.00000       84.60     1327.70
     8    267203.0    13072.95    11251.01    11251.01     3659.98     3659.98     1.00000       84.60     1327.70
     9    305375.0    13068.19    11247.58    11247.58     3657.58     3657.58     1.00000       84.60     1327.70
    10    343547.0    13062.80    11243.70    11243.70     3654.87     3654.87     1.00000       84.60     1327.70
    11    381719.0    13056.77    11239.35    11239.35     3651.83     3651.83     1.00000       84.60     1327.70
    12    419891.0    13050.11    11234.56    11234.56     3648.48     3648.48     1.00000       84.60     1327.70
    13    458062.0    13042.81    11229.30    11229.30     3644.81     3644.81     1.00000       84.60     1327.70
    14    496234.0    13034.88    11223.59    11223.59     3640.82     3640.82     1.00000       84.60     1327.70
    15    534406.0    13026.31    11217.42    11217.42     3636.51     3636.51     1.00000       84.60     1327.70
    16    572578.0    13017.11    11210.80    11210.80     3631.88     3631.88     1.00000       84.60     1327.70
    17    610750.0    13007.28    11203.72    11203.72     3626.93     3626.93     1.00000       84.60     1327.70
    18    648922.0    12996.81    11196.18    11196.18     3621.66     3621.66     1.00000       84.60     1327.70
    19    687094.0    12985.70    11188.18    11188.18     3616.07     3616.07     1.00000       84.60     1327.70
    20    725266.0    12973.97    11179.73    11179.73     3610.16     3610.16     1.00000       84.60     1327.70
    21    763438.0    12961.59    11170.82    11170.82     3603.94     3603.94     1.00000       84.60     1327.70
    22    801609.0    12948.58    11161.45    11161.45     3597.39     3597.39     1.00000       84.60     1327.70
    23    839781.0    12934.94    11151.63    11151.63     3590.53     3590.53     1.00000       84.60     1327.70
    24    877953.0    12920.66    11141.35    11141.35     3583.34     3583.34     1.00000       84.60     1327.70
    25    916125.0    12905.75    11130.61    11130.61     3575.84     3575.84     1.00000       84.60     1327.70
    26    954297.0    12890.21    11119.42    11119.42     3568.01     3568.01     1.00000       84.60     1327.70
    27    992469.0    12874.02    11107.76    11107.76     3559.87     3559.87     1.00000       84.60     1327.70
    28   1030641.0    12857.21    11095.66    11095.66     3551.41     3551.41     1.00000       84.60     1327.70
    29   1068812.0    12839.76    11083.09    11083.09     3542.63     3542.63     1.00000       84.60     1327.70
    30   1106984.0    12821.67    11070.07    11070.07     3533.53     3533.53     1.00000       84.60     1327.70
    31   1145156.0    12802.96    11056.59    11056.59     3524.11     3524.11     1.00000       84.60     1327.70
    32   1183328.0    12783.60    11042.65    11042.65     3514.37     3514.37     1.00000       84.60     1327.70
    33   1221500.0    12763.61    11028.26    11028.26     3504.31     3504.31     1.00000       84.60     1327.70
    34   1221500.0    12166.33    10355.72    10355.72        0.00        0.00     1.00000        0.00    57823.00
    35   1292078.0    12129.26    10314.43    10314.43        0.00        0.00     1.00000        0.00    57823.00
    36   1362656.0    12090.47    10272.30    10272.30        0.00        0.00     1.00000        0.00    57823.00
    37   1433234.0    12049.91    10229.21    10229.21        0.00        0.00     1.00000        0.00    57823.00
    38   1503812.0    12007.54    10185.05    10185.05        0.00        0.00     1.00000        0.00    57823.00
    39   1574391.0    11963.32    10139.71    10139.71        0.00        0.00     1.00000        0.00    57823.00
    40   1644969.0    11917.20    10093.08    10093.08        0.00        0.00     1.00000        0.00    57823.00
    41   1715547.0    11869.14    10045.05    10045.05        0.00        0.00     1.00000        0.00    57823.00
    42   1786125.0    11819.08     9995.51     9995.51        0.00        0.00     1.00000        0.00    57823.00
    43   1856703.0    11766.99     9944.34     9944.34        0.00        0.00     1.00000        0.00    57823.00
    44   1927281.0    11712.82     9891.43     9891.43        0.00        0.00     1.00000        0.00    57823.00
    45   1997859.0    11656.52     9836.69     9836.69        0.00        0.00     1.00000        0.00    57823.00
    46   2068438.0    11598.05     9779.98     9779.98        0.00        0.00     1.00000        0.00    57823.00
    47   2139016.0    11537.37     9721.22     9721.22        0.00        0.00     1.00000        0.00    57823.00
    48   2209594.0    11474.42     9660.27     9660.27        0.00        0.00     1.00000        0.00    57823.00
    49   2280172.0    11409.17     9597.04     9597.04        0.00        0.00     1.00000        0.00    57823.00
    50   2350750.0    11341.57     9531.41     9531.41        0.00        0.00     1.00000        0.00    57823.00
    51   2421328.0    11271.58     9463.27     9463.27        0.00        0.00     1.00000        0.00    57823.00
    52   2491906.0    11199.14     9392.50     9392.50        0.00        0.00     1.00000        0.00    57823.00
    53   2562484.0    11124.21     9319.01     9319.01        0.00        0.00     1.00000        0.00    57823.00
    54   2633062.0    11046.76     9242.68     9242.68        0.00        0.00     1.00000        0.00    57823.00
    55   2703641.0    10966.73     9163.40     9163.40        0.00        0.00     1.00000        0.00    57823.00
    56   2774219.0    10884.07     9081.05     9081.05        0.00        0.00     1.00000        0.00    57823.00
    57   2844797.0    10798.75     8995.53     8995.53        0.00        0.00     1.00000        0.00    57823.00
    58   2915375.0    10710.72     8906.73     8906.73        0.00        0.00     1.00000        0.00    57823.00
    59   2985953.0    10619.93     8814.53     8814.53        0.00        0.00     1.00000        0.00    57823.00
    60   3056531.0    10526.34     8718.83     8718.83        0.00        0.00     1.00000        0.00    57823.00
    61   3127109.0    10429.91     8619.51     8619.51        0.00        0.00     1.00000        0.00    57823.00
    62   3197688.0    10330.58     8516.46     8516.46        0.00        0.00     1.00000        0.00    57823.00
    63   3268266.0    10228.31     8409.58     8409.58        0.00        0.00     1.00000        0.00    57823.00
    64   3338844.0    10123.06     8298.74     8298.74        0.00        0.00     1.00000        0.00    57823.00
    65   3409422.0    10014.79     8183.85     8183.85        0.00        0.00     1.00000        0.00    57823.00
    66   3480000.0     9903.44     8064.79     8064.79        0.00        0.00     1.00000        0.00    57823.00
    67   3480000.0     5566.46    13716.62    13716.62     7264.65     7264.65     1.00000      312.00    57823.00
    68   3517500.0     5547.67    13707.45    13707.45     7265.03     7265.03     1.00000      312.00    57823.00
    69   3555000.0     5528.91    13698.36    13698.36     7265.37     7265.37     1.00000      312.00    57823.00
    70   3592500.0     5510.18    13689.36    13689.36     7265.69     7265.69     1.00000      312.00    57823.00
    71   3630000.0     5491.48    13680.44    13680.44     7265.97     7265.97     1.00000      312.00    57823.00
    72   3630000.0     5491.48    13680.42    13680.42     7265.93     7265.93     1.00000      312.00    57823.00
    73   3666482.0     5473.29    13636.25    13636.25     7249.23     7249.23     1.00000      312.00    57823.00
    74   3702963.0     5455.13    13592.44    13592.44     7232.63     7232.63     1.00000      312.00    57823.00
    75   3739444.0     5436.97    13548.96    13548.96     7216.12     7216.12     1.00000      312.00    57823.00
    76   3775926.0     5418.82    13505.78    13505.78     7199.68     7199.68     1.00000      312.00    57823.00
    77   3812407.0     5400.67    13462.87    13462.87     7183.30     7183.30     1.00000      312.00    57823.00
    78   3848889.0     5382.52    13420.19    13420.19     7166.98     7166.98     1.00000      312.00    57823.00
    79   3885370.0     5364.37    13377.73    13377.73     7150.70     7150.70     1.00000      312.00    57823.00
    80   3921852.0     5346.21    13335.45    13335.45     7134.44     7134.44     1.00000      312.00    57823.00
    81   3958333.0     5328.04    13293.32    13293.32     7118.21     7118.21     1.00000      312.00    57823.00
    82   3994815.0     5309.85    13251.30    13251.30     7102.00     7102.00     1.00000      312.00    57823.00
    83   4031296.0     5291.65    13209.38    13209.38     7085.78     7085.78     1.00000      312.00    57823.00
    84   4067778.0     5273.43    13167.51    13167.51     7069.55     7069.55     1.00000      312.00    57823.00
    85   4104259.0     5255.18    13125.68    13125.68     7053.30     7053.30     1.00000      312.00    57823.00
    86   4140741.0     5236.91    13083.84    13083.84     7037.02     7037.02     1.00000      312.00    57823.00
    87   4177222.0     5218.60    13041.98    13041.98     7020.70     7020.70     1.00000      312.00    57823.00
    88   4213704.0     5200.26    13000.05    13000.05     7004.32     7004.32     1.00000      312.00    57823.00
    89   4250185.0     5181.88    12958.04    12958.04     6987.89     6987.89     1.00000      312.00    57823.00
    90   4286667.0     5163.46    12915.90    12915.90     6971.38     6971.38     1.00000      312.00    57823.00
    91   4323148.0     5145.00    12873.61    12873.61     6954.79     6954.79     1.00000      312.00    57823.00
    92   4359630.0     5126.48    12831.15    12831.15     6938.10     6938.10     1.00000      312.00    57823.00
    93   4396111.0     5107.92    12788.47    12788.47     6921.31     6921.31     1.00000      312.00    57823.00
    94   4432593.0     5089.29    12745.55    12745.55     6904.41     6904.41     1.00000      312.00    57823.00
    95   4469074.0     5070.61    12702.36    12702.36     6887.38     6887.38     1.00000      312.00    57823.00
    96   4505556.0     5051.87    12658.87    12658.87     6870.21     6870.21     1.00000      312.00    57823.00
    97   4542037.0     5033.06    12615.05    12615.05     6852.90     6852.90     1.00000      312.00    57823.00
    98   4578518.0     5014.18    12570.87    12570.87     6835.43     6835.43     1.00000      312.00    57823.00
    99   4615000.0     4995.22    12526.30    12526.30     6817.80     6817.80     1.00000      312.00    57823.00
   100   4651482.0     4976.19    12481.31    12481.31     6799.99     6799.99     1.00000      312.00    57823.00
   101   4687963.0     4957.08    12435.87    12435.87     6781.99     6781.99     1.00000      312.00    57823.00
   102   4724444.0     4937.89    12389.94    12389.94     6763.79     6763.79     1.00000      312.00    57823.00
   103   4760926.0     4918.61    12343.51    12343.51     6745.38     6745.38     1.00000      312.00    57823.00
   104   4797407.0     4899.24    12296.54    12296.54     6726.76     6726.76     1.00000      312.00    57823.00
   105   4833889.0     4879.78    12248.99    12248.99     6707.90     6707.90     1.00000      312.00    57823.00
   106   4870370.0     4860.21    12200.85    12200.85     6688.80     6688.80     1.00000      312.00    57823.00
   107   4906852.0     4840.55    12152.07    12152.07     6669.46     6669.46     1.00000      312.00    57823.00
   108   4943333.0     4820.79    12102.63    12102.63     6649.85     6649.85     1.00000      312.00    57823.00
   109   4979815.0     4800.91    12052.51    12052.51     6629.97     6629.97     1.00000      312.00    57823.00
   110   5016296.0     4780.93    12001.66    12001.66     6609.81     6609.81     1.00000      312.00    57823.00
   111   5052778.0     4760.83    11950.06    11950.06     6589.36     6589.36     1.00000      312.00    57823.00
   112   5089259.0     4740.61    11897.68    11897.68     6568.61     6568.61     1.00000      312.00    57823.00
   113   5125741.0     4720.27    11844.49    11844.49     6547.54     6547.54     1.00000      312.00    57823.00
   114   5162222.0     4699.80    11790.46    11790.46     6526.15     6526.15     1.00000      312.00    57823.00
   115   5198704.0     4679.21    11735.56    11735.56     6504.42     6504.42     1.00000      312.00    57823.00
   116   5235185.0     4658.48    11679.76    11679.76     6482.35     6482.35     1.00000      312.00    57823.00
   117   5271667.0     4637.62    11623.02    11623.02     6459.92     6459.92     1.00000      312.00    57823.00
   118   5308148.0     4616.62    11565.33    11565.33     6437.13     6437.13     1.00000      312.00    57823.00
   119   5344630.0     4595.48    11506.65    11506.65     6413.97     6413.97     1.00000      312.00    57823.00
   120   5381111.0     4574.19    11446.94    11446.94     6390.41     6390.41     1.00000      312.00    57823.00
   121   5417593.0     4552.75    11386.18    11386.18     6366.46     6366.46     1.00000      312.00    57823.00
   122   5454074.0     4531.16    11324.35    11324.35     6342.10     6342.10     1.00000      312.00    57823.00
   123   5490556.0     4509.42    11261.40    11261.40     6317.33     6317.33     1.00000      312.00    57823.00
   124   5527037.0     4487.51    11197.31    11197.31     6292.13     6292.13     1.00000      312.00    57823.00
   125   5563518.0     4465.44    11132.05    11132.05     6266.48     6266.48     1.00000      312.00    57823.00
   126   5600000.0     4443.20    11065.59    11065.59     6240.39     6240.39     1.00000      312.00    57823.00
   127   5600000.0     4443.20    11065.60    11065.60     6240.54     6240.54     1.00000      312.00    57823.00
   128   5633667.0     4422.53    10960.91    10960.91     6142.04     6142.04     1.00000      312.00    57823.00
   129   5667333.0     4401.71    10856.15    10856.15     6043.57     6043.57     1.00000      312.00    57823.00
   130   5701000.0     4380.74    10751.32    10751.32     5945.13     5945.13     1.00000      312.00    57823.00
   131   5701000.0     3992.12    10266.17    10266.17     5570.21     5570.21     1.00000      143.00    57823.00
   132   5771000.0     3975.82    10157.76    10157.76     5516.02     5516.02     1.00000      143.00    57823.00
   133   5771000.0     3975.82    10157.83    10157.43     5515.93     5515.93     1.00000      143.00    57823.00
   134   5804333.0     3933.81     9987.17     9986.77     5418.69     5418.69     1.00000      143.00    57823.00
   135   5837667.0     3891.80     9816.52     9816.12     5321.45     5321.45     1.00000      143.00    57823.00
   136   5871000.0     3849.78     9645.87     9645.47     5224.21     5224.21     1.00000      143.00    57823.00
   137   5904333.0     3807.77     9475.22     9474.82     5126.97     5126.97     1.00000      143.00    57823.00
   138   5937667.0     3765.76     9304.57     9304.17     5029.73     5029.73     1.00000      143.00    57823.00
   139   5971000.0     3723.75     9133.92     9133.52     4932.49     4932.49     1.00000      143.00    57823.00
   140   5971000.0     3543.26     8905.24     8905.24     4769.90     4769.90     1.00000      143.00    57823.00
   141   5993500.0     3529.83     8861.96     8861.96     4754.15     4754.15     1.00000      143.00    57823.00
   142   6016000.0     3516.39     8818.67     8818.67     4738.40     4738.40     1.00000      143.00    57823.00
   143   6038500.0     3502.96     8775.38     8775.38     4722.65     4722.65     1.00000      143.00    57823.00
   144   6061000.0     3489.52     8732.10     8732.10     4706.90     4706.90     1.00000      143.00    57823.00
   145   6083500.0     3476.08     8688.81     8688.81     4691.15     4691.15     1.00000      143.00    57823.00
   146   6106000.0     3462.65     8645.52     8645.52     4675.40     4675.40     1.00000      143.00    57823.00
   147   6128500.0     3449.21     8602.24     8602.24     4659.65     4659.65     1.00000      143.00    57823.00
   148   6151000.0     3435.77     8558.95     8558.95     4643.90     4643.90     1.00000      143.00    57823.00
   149   6151000.0     3359.49     7800.45     8048.56     4441.09     4436.26     0.97646       80.00    57823.00
   150   6179000.0     3362.53     7832.17     8068.85     4434.63     4461.39     0.96557       80.00    57823.00
   151   6207000.0     3365.58     7863.90     8089.15     4428.18     4486.52     0.95468       80.00    57823.00
   152   6235000.0     3368.62     7895.62     8109.44     4421.73     4511.65     0.94379       80.00    57823.00
   153   6263000.0     3371.66     7927.34     8129.73     4415.28     4536.78     0.93290       80.00    57823.00
   154   6291000.0     3374.71     7959.06     8150.02     4408.83     4561.90     0.92201       80.00    57823.00
   155   6291000.0     3374.71     7959.06     8150.02     4408.83     4561.99     0.92201      600.00    57823.00
   156   6318800.0     3377.73     7990.56     8170.17     4402.43     4586.94     0.91120      600.00    57823.00
   157   6346600.0     3380.75     8022.06     8190.32     4396.02     4611.89     0.90039      600.00    57823.00
   158   6346600.0     2900.00     6800.00     6800.00     3900.00     3900.00     1.00000      600.00    57823.00
   159   6347000.0     2900.00     6800.00     6800.00     3900.00     3900.00     1.00000      600.00    57823.00
   160   6348000.0     2900.00     6800.00     6800.00     3900.00     3900.00     1.00000      600.00    57823.00
   161   6349000.0     2900.00     6800.00     6800.00     3900.00     3900.00     1.00000      600.00    57823.00
   162   6350000.0     2900.00     6800.00     6800.00     3900.00     3900.00     1.00000      600.00    57823.00
   163   6351000.0     2900.00     6800.00     6800.00     3900.00     3900.00     1.00000      600.00    57823.00
   164   6352000.0     2900.00     6800.00     6800.00     3900.00     3900.00     1.00000      600.00    57823.00
   165   6353000.0     2900.00     6800.00     6800.00     3900.00     3900.00     1.00000      600.00    57823.00
   166   6354000.0     2900.00     6800.00     6800.00     3900.00     3900.00     1.00000      600.00    57823.00
   167   6355000.0     2900.00     6800.00     6800.00     3900.00     3900.00     1.00000      600.00    57823.00
   168   6356000.0     2900.00     6800.00     6800.00     3900.00     3900.00     1.00000      600.00    57823.00
   169   6356000.0     2600.00     5800.00     5800.00     3200.00     3200.00     1.00000      600.00    57823.00
   170   6357000.0     2600.00     5800.00     5800.00     3200.00     3200.00     1.00000      600.00    57823.00
   171   6358000.0     2600.00     5800.00     5800.00     3200.00     3200.00     1.00000      600.00    57823.00
   172   6359000.0     2600.00     5800.00     5800.00     3200.00     3200.00     1.00000      600.00    57823.00
   173   6360000.0     2600.00     5800.00     5800.00     3200.00     3200.00     1.00000      600.00    57823.00
   174   6361000.0     2600.00     5800.00     5800.00     3200.00     3200.00     1.00000      600.00    57823.00
   175   6362000.0     2600.00     5800.00     5800.00     3200.00     3200.00     1.00000      600.00    57823.00
   176   6363000.0     2600.00     5800.00     5800.00     3200.00     3200.00     1.00000      600.00    57823.00
   177   6364000.0     2600.00     5800.00     5800.00     3200.00     3200.00     1.00000      600.00    57823.00
   178   6365000.0     2600.00     5800.00     5800.00     3200.00     3200.00     1.00000      600.00    57823.00
   179   6366000.0     2600.00     5800.00     5800.00     3200.00     3200.00     1.00000      600.00    57823.00
   180   6367000.0     2600.00     5800.00     5800.00     3200.00     3200.00     1.00000      600.00    57823.00
   181   6368000.0     2600.00     5800.00     5800.00     3200.00     3200.00     1.00000      600.00    57823.00
   182   6368000.0     2600.00     5800.00     5800.00     3200.00     3200.00     1.00000      600.00    57823.00
   183   6369000.0     2600.00     5800.00     5800.00     3200.00     3200.00     1.00000      600.00    57823.00
   184   6370000.0     2600.00     5800.00     5800.00     3200.00     3200.00     1.00000      600.00    57823.00
   185   6371000.0     2600.00     5800.00     5800.00     3200.00     3200.00     1.00000      600.00    57823.00

integration precision =  0.1000E-09  root precision =  0.1000E-09  gravity cut off =  0.6283E-02 rad/s


      mode        phs vel       w(mhz)          t(secs)      grp vel(km/s)        q             raylquo

    0 s    0    65.17436       0.8140654        1228.402        0.000000        5340.673      -0.1049331E-07
    1 s    0    130.5787        1.631004        613.1193        0.000000        1498.190      -0.5316145E-07
    2 s    0    200.9234        2.509650        398.4620        0.000000        1240.071      -0.8695390E-07
    3 s    0    261.7976        3.270003        305.8101        0.000000        1081.526      -0.1475096E-06
    4 s    0    328.5803        4.104158        243.6553        0.000000        967.6021      -0.2009161E-06
    5 s    0    390.8759        4.882265        204.8230        0.000000        920.0983      -0.2506979E-06
    6 s    0    459.4194        5.738413        174.2642        0.000000        912.8732      -0.3462949E-06
    7 s    0    526.6838        6.578584        152.0084        0.000000        880.2331      -0.4355603E-06
    8 s    0    594.2114        7.422044        134.7338        0.000000        851.3289      -0.6544416E-06
    9 s    0    661.3060        8.260094        121.0640        0.000000        838.8801      -0.8280940E-06
   10 s    0    724.8048        9.053231        110.4578        0.000000        827.9024      -0.1004723E-05
   11 s    0    791.3681        9.884645        101.1670        0.000000        830.5308      -0.1113189E-05
